-0.027 0.310
-0.005 0.300
0.017 0.190
0.039 -0.120
0.061 -0.380
0.083 -0.010
0.105 -0.100
0.127 -0.610
0.149 -0.300
0.171 0.140
0.193 -0.110
0.215 0.010
0.237 -0.920
0.259 -0.920
0.281 -0.820
0.303 -0.470
0.325 -0.050
0.347 -0.060
0.369 -0.220
0.391 -0.280
0.413 -0.700
0.435 -0.680
0.457 -0.710
0.479 -0.920
0.501 -0.920
0.523 -0.920
0.545 -0.460
0.567 -0.100
0.589 0.030
0.611 -0.520
0.633 -0.760
0.655 -0.920
0.677 -0.810
0.699 -0.070
0.721 -0.220
0.743 -0.100
0.765 -0.200
0.787 -0.120
0.809 0.150
0.831 -0.160
0.853 0.000
0.875 -0.230
0.897 -0.590
0.919 -0.530
0.941 -0.230
0.963 -0.300
0.985 -0.060
1.007 0.030
1.029 -0.140
1.051 -0.410
1.073 -0.180
1.095 -0.120
1.117 -0.080
1.139 -0.110
1.161 -0.200
1.183 -0.290
1.205 -0.010
1.227 -0.330
1.249 -0.920
1.271 -0.920
1.293 -0.690
1.315 -0.290
1.337 -0.320
1.359 -0.240
1.381 -0.210
1.403 0.000
1.425 -0.050
1.447 0.060
1.469 -0.020
1.491 -0.280
1.513 -0.300
1.535 -0.140
1.557 -0.050
1.579 0.010
1.601 0.000
1.623 0.110
1.645 0.120
1.667 -0.170
1.689 -0.240
1.711 -0.180
1.733 0.080
1.755 0.000
1.777 -0.020
1.799 -0.270
1.821 -0.150
1.843 -0.240
1.865 -0.240
1.887 -0.230
1.909 -0.060
1.931 0.060
1.953 0.060
1.975 -0.030
1.997 0.000
2.019 0.150
2.041 0.100
2.063 0.000
2.085 -0.030
2.107 -0.050
2.129 -0.150
2.151 0.020
2.173 0.200
2.195 0.130
2.217 0.150
2.239 0.120
2.261 -0.360
2.283 -0.430
2.305 -0.920
2.327 -0.460
2.349 -0.110
2.371 0.090
2.393 0.260
2.415 0.200
2.437 0.090
2.459 -0.010
2.481 -0.100
2.503 -0.060
2.525 0.130
2.547 0.130
2.569 0.160
2.591 0.010
2.613 -0.130
2.635 -0.010
2.657 -0.290
2.679 -0.830
2.701 -0.770
2.723 -0.920
2.745 -0.920
2.767 -0.350
2.789 0.000
2.811 0.230
2.833 -0.030
2.855 -0.180
2.877 0.020
2.899 0.080
2.921 -0.120
2.943 -0.290
2.965 -0.120
2.987 -0.030
3.009 -0.050
3.031 -0.100
3.053 -0.130
3.075 0.020
3.097 0.130
3.119 -0.080
3.141 -0.090
3.163 -0.130
3.185 -0.100
3.207 -0.060
3.229 -0.070
3.251 0.050
3.273 0.010
3.295 -0.090
3.317 -0.230
3.339 -0.470
3.361 -0.310
3.383 -0.260
3.405 -0.120
3.427 -0.030
3.449 -0.330
3.471 -0.120
3.493 0.030
3.515 0.130
3.537 0.010
3.559 -0.180
3.581 -0.130
3.603 -0.040
3.625 -0.020
3.647 0.130
3.669 0.060
3.691 0.090
3.713 0.000
3.735 0.120
3.757 0.090
3.779 0.130
3.801 0.060
3.823 -0.140
3.845 -0.030
3.867 0.110
3.889 -0.090
3.911 0.090
3.933 0.130
3.955 0.150
3.977 -0.110
3.999 0.020
4.021 0.270
4.043 0.170
4.065 -0.030
4.087 -0.100
4.109 0.120
4.131 -0.020
4.153 -0.140
4.175 0.040
4.197 0.160
4.219 -0.010
4.241 -0.080
4.263 0.050
4.285 0.010
4.307 0.110
4.329 0.050
4.351 0.050
4.373 -0.130
4.395 -0.170
4.417 -0.280
4.439 -0.190
4.461 0.090
4.483 0.080
4.505 -0.240
4.527 -0.180
4.549 0.080
4.571 0.040
4.593 0.090
4.615 0.050
4.637 -0.040
4.659 0.090
4.681 0.090
4.703 -0.050
4.725 0.170
4.747 0.250
4.769 -0.190
4.791 -0.470
4.813 -0.530
4.835 -0.440
4.857 -0.410
4.879 -0.110
4.901 0.100
4.923 0.190
4.945 0.070
4.967 -0.050
4.989 0.070
5.011 0.130
5.033 -0.040
5.055 -0.050
5.077 0.180
5.099 0.170
5.121 0.210
5.143 0.260
5.165 0.140
5.187 0.120
5.209 -0.150
5.231 -0.330
5.253 -0.370
5.275 -0.630
5.297 -0.720
5.319 -0.560
5.341 0.080
5.363 0.130
5.385 0.120
5.407 0.010
5.429 -0.380
5.451 -0.650
5.473 -0.450
5.495 -0.040
5.517 0.080
5.539 -0.180
5.561 -0.410
5.583 -0.920
5.605 -0.520
5.627 -0.110
5.649 -0.030
5.671 -0.090
5.693 -0.080
5.715 -0.180
5.737 -0.100
5.759 -0.020
5.781 0.170
5.803 0.140
5.825 0.020
5.847 -0.250
5.869 -0.370
5.891 -0.440
5.913 -0.460
5.935 -0.120
5.957 -0.060
5.979 -0.230
6.001 0.010
6.023 -0.120
6.045 0.100
6.067 0.030
6.089 -0.200
6.111 -0.250
6.133 -0.160
6.155 -0.380
6.177 -0.320
6.199 -0.350
6.221 -0.280
6.243 -0.270
6.265 -0.840
6.287 -0.590
6.309 -0.370
6.331 -0.140
6.353 -0.220
6.375 -0.370
6.397 -0.410
6.419 -0.180
6.441 0.010
6.463 -0.140
6.485 -0.180
6.507 -0.210
6.529 -0.010
6.551 -0.160
6.573 -0.010
6.595 -0.240
6.617 -0.170
6.639 -0.380
6.661 -0.340
6.683 -0.110
6.705 -0.090
6.727 -0.360
6.749 -0.030
6.771 -0.120
6.793 -0.010
6.815 -0.080
6.837 -0.100
6.859 -0.260
6.881 -0.360
6.903 -0.290
6.925 -0.350
6.947 -0.290
6.969 -0.290
6.991 -0.170
7.013 -0.100
7.035 -0.060
7.057 -0.060
7.079 -0.160
7.101 -0.100
7.123 -0.390
7.145 -0.470
7.167 -0.610
7.189 -0.380
7.211 -0.470
7.233 -0.920
7.255 -0.450
7.277 -0.450
7.299 -0.470
7.321 -0.390
7.343 -0.330
7.365 -0.200
7.387 -0.840
7.409 -0.860
7.431 -0.640
7.453 -0.380
7.475 -0.340
7.497 -0.350
7.519 -0.390
7.541 -0.280
7.563 -0.920
7.585 -0.580
7.607 -0.260
7.629 -0.140
7.651 -0.570
7.673 -0.490
7.695 -0.110
7.717 -0.160
7.739 -0.100
7.761 -0.140
7.783 -0.180
7.805 -0.130
7.827 -0.460
7.849 -0.480
7.871 -0.150
7.893 -0.150
7.915 -0.520
7.937 -0.620
7.959 -0.400
7.981 -0.270
8.003 -0.180
8.025 -0.240
8.047 -0.020
8.069 -0.160
8.091 -0.100
8.113 -0.220
8.135 -0.180
8.157 -0.620
8.179 -0.270
8.201 -0.180
8.223 0.150
8.245 -0.180
8.267 -0.050
8.289 -0.370
8.311 -0.550
8.333 -0.440
8.355 -0.920
8.377 -0.620
8.399 -0.490
8.421 -0.190
8.443 -0.330
8.465 -0.030
8.487 0.060
8.509 -0.190
8.531 -0.190
8.553 -0.260
8.575 -0.220
8.597 -0.200
8.619 -0.080
8.641 0.110
8.663 0.060
8.685 0.100
8.707 0.130
8.729 0.150
8.751 0.050
8.773 0.010
8.795 0.210
8.817 0.090
8.839 -0.090
8.861 0.040
8.883 0.040
8.905 -0.160
8.927 -0.280
8.949 -0.330
8.971 -0.640
8.993 -0.520
9.015 -0.300
9.037 -0.100
9.059 -0.150
9.081 -0.070
9.103 -0.110
9.125 -0.120
9.147 0.040
9.169 -0.120
9.191 -0.110
9.213 -0.050
9.235 -0.270
9.257 -0.380
9.279 -0.370
9.301 -0.140
9.323 -0.010
9.345 -0.180
9.367 -0.380
9.389 -0.380
